[name] New design 3
[puzzle] Sz001

[traces] 
......................
......................
......................
......................
......................
......................
......................
......................
......................
......................
......................
......................
......................
......................

[chip] 
[type] PGA
[x] 9
[y] 5
[array-switch] False
[array-data] 
0,0,0,0,0,0,0,0,0,0,0,0,0,0,0,0,0,0,0,0,0,0,0,0,0,0,0,0,0,0,0,0,0,0,0,0,0,0,0,0,0,0,0,0,0,0,0,0,0,0,0,0,0,0,0,0,0,0,0,0,0,0,0,0,0,0

